4555.49 3133.62 144.44 0 178.93 0.1
4233.74 2222.25 152.44 0.18 0.17 0.01
4566.58 798.89 296.47 0.07 179.82 -0.01
3131.31 370.89 400.49 0.4 0 0.18
4662.17 -1310.8 144.45 0.13 90.16 0
3029.62 -3773.05 16.47 0.07 179.83 0
575.82 -3395.42 16.45 0.15 45.16 0
956.85 208.24 48.46 0.09 0.17 0.01
5026.16 -5043.88 -207.53 0.11 0.16 0
7010.31 -7557.69 -1095.07 -1.81 119.84 3.4
10605.58 -7147.45 -967.7 -0.54 89.41 -2.61
8287.21 -3752.24 -975.53 0.14 0.77 0
11118.49 -3384.67 -973.5 0.02 179.98 0
10980.71 -4181.03 208.46 0.13 90.16 0
5771.88 1371.04 272.48 0.61 -89.99 0.31
5495.85 326.13 144.47 0.05 0 -0.02
5362.99 16.69 272.48 0.58 0 0.29
5406.68 2376.52 16.45 0.16 89.83 0
1332.59 2241.86 144.49 0.01 -89.98 0
49.54 2792.04 16.46 0.1 -89.83 0
-2991.04 11618.42 20.47 0.06 0.17 0.01
-8239.57 -12747.07 -1071.54 0.16 179.84 -0
-14259.36 -14106.42 16.46 -0.11 0.1 -0.01