-5950.82 13873.54 -4377.92 270
-5853.83 13884.17 -4381.34 270
-5764.07 13890.8 -4381.51 270
-5689 13892.56 -4378.12 270
-5621.52 13895.27 -4376.14 270
-5554.07 13898.43 -4374.57 270
-5479.26 13903.81 -4374.58 270
-5476.89 13808.98 -4375.6 270
-5566.78 13804.57 -4375.39 270
-5649.17 13800.22 -4374.73 270
-5724.25 13800.16 -4380.22 270
-5799.22 13797.68 -4381.92 270
-5874.09 13793.06 -4380.26 270
-5941.49 13789.43 -4379.6 270
-14406.47 -2734.55 -4330.81 360
-14416.09 -2831.74 -4330 360
-14420.96 -2923.67 -4328.51 360
-14428.28 -3010.89 -4328.82 360
-14447.34 -3103.44 -4334.33 360
-14435.12 -3200.38 -4346.06 360
-14329.37 -3216.52 -4356.77 360
-14303.56 -3119.7 -4340.33 360
-14294.93 -3026.34 -4341.69 360
-14281.81 -2934.21 -4338.17 360
-14268.2 -2835.52 -4334.86 360
-14260.74 -2748.07 -4336.69 360