4377.72 -724.79 12.63 8.86 -0.31 -0.11
12757.24 1398.75 299.34 4.31 89.73 2.58
14780.22 958.74 149.73 -11.64 -179.61 0.15
13996.66 -6689.24 147.06 6.78 -0.08 -1.8
14772.53 -9121.17 192.47 0.03 -179.99 -0.02
5149.04 -16176.62 272.44 0.21 90.16 0
-7069.23 -10213.93 52.47 0.09 90 -0
-13436.39 -13432.12 10.29 -5.24 -135.57 2.34
-16047.16 -797.06 16.45 0.15 -89.83 0
-16125.62 4394.71 16.45 0.15 0.16 0
-11928.43 11786.21 336.44 0.19 -179.83 0
-2611.93 6557.1 112.46 0.11 -89.83 0
4086.82 9760.82 391.25 11.36 179.42 6.1