-3888.01 -1249.32 -14572.96 270
-3782.97 -1251.3 -14572.96 270
-3721.64 -1271.7 -14572.96 225
-3708.43 -1353.12 -14572.96 180
-3711.78 -1458.36 -14572.96 180
-2751.21 -2242.5 -14572.96 90
-2639.72 -2239.49 -14572.96 90
-2400.19 -1883.39 -14444.96 180
-2406.26 -1991.16 -14444.96 180
-2412.84 -2107.97 -14444.96 180
-2667.94 -1877.49 -14444.96 270
-2219.48 -1833.14 -14444.96 270
-2001.61 -1840.03 -14444.96 270
-2132.24 -1835.9 -14444.96 270
-956.18 -1866.02 -14444.96 180
-1151.33 -1906.53 -14444.96 360
-1130.77 -1882.45 -14316.96 360
-598.25 -1852.4 -14316.96 180
-833.83 -1937.05 -14316.96 90
-805.39 532.21 -14572.96 360
-801.31 663.23 -14572.96 360
-798.2 783.19 -14572.96 360
-794.4 912.13 -14572.96 360
-790.34 1050.07 -14572.96 360
-825.2 1002.47 -14444.96 360
-825.26 845.98 -14444.96 360
-826.83 665.98 -14444.96 360
-828.48 485.99 -14444.96 360