-6770.19 -2267.73 19.03 270
-6972.8 -2273.2 19.03 270
-6865.85 -2275.42 19.03 270
-7101.82 -2268.99 19.03 270
-7276.67 -2271.36 19.03 270
-7185.27 -2273.96 19.03 270
-7607.83 -2270.88 19.03 270
-7513.36 -2268.39 19.03 270
-7442.14 -2266.51 19.03 270
-7415.89 -2712.52 19.03 90
-7534.09 -2728.63 19.03 90
-7620.7 -2712.11 19.03 90
-7586.71 1300.88 7.03 360
-7574.15 1392.27 7.03 360
-7565.16 1457.66 7.03 360
-7549.43 1572.08 7.03 360
-7534.42 1681.31 7.03 360
-7518.08 1800.19 7.03 360
-7507.76 1875.23 7.03 360
-7282.96 1845.06 7.03 180
-7302.55 1719.07 7.03 180
-7322.14 1593.08 7.03 180
-7342.89 1459.68 7.03 180
-7361.32 1341.11 7.03 180