-12730.029297 12920.928711 -9999.968750
-7453.529785 13317.233398 -10340.260742
-1451.549927 5674.165039 -10175.968750
5422.038574 10261.090820 -10404.098633
13000.868164 12989.051758 -7152.662598
12341.949219 -2095.837646 -6823.968750
11420.757813 -9694.275391 -6199.968750
11593.840820 -4640.246582 -7935.968750
11523.071289 -1600.932373 -7655.968750
10503.946289 -1760.440796 -7927.968750
9085.786133 -3792.988037 -7839.968750
540.677368 -5130.735840 -8979.987305
-6713.767578 -3042.809326 -10406.243164
-14343.476563 -14334.861328 -9486.238281
-8522.383789 -12603.293945 -9116.289063
-8500.356445 -14480.221680 -9999.968750
