7553.49 -7516.87 1808.46
4501.06 -5316.41 1552.48
5715.22 -9123.41 3088.44
1364.09 -12708.24 16.44
2791.54 -12219.65 -623.54
-8125.3 -1994.61 -111.52
-9298.46 4552.88 528.44
-8488.27 11703.21 2320.47
-13074.54 12727.04 16.45
-12968.49 4831.61 16.44
-12683.69 1492.06 272.45
-14038.12 -2490.84 272.44
-13953.91 -8832.83 272.46
-13910.39 -12299.87 272.45
-9260.94 -12431.26 3984.44
-2151.36 -13769.5 3856.46
3776.57 -12131.38 2448.47
12717.83 -13286.23 2832.46
14154.23 -9063.08 16.45
12811.51 -5624.72 272.46
13139.33 3859.25 144.45
13118.38 12734.59 16.44
8336.56 8506.35 16.48
-3192.06 -1809.12 592.46
-394.3 -3708.39 400.43
-3242.66 -1634.46 16.45
-10533.68 -2681.24 -367.54
-7480.29 3708.53 1168.49
-9794.55 4418.06 4496.45
-6973.84 4802.26 5136.45
-12702.75 3441.03 5136.48
-9201.4 -8038.36 8720.46
-6191.98 1295.46 4112.47
-4083.28 -2486.5 3344.47
2580.9 -2718.97 16.46
5059.95 -2987.12 16.46
7108.26 4435.73 2832.48
10312 1170.54 912.46
