-654.564880 -2508.144043 384.031250
1350.306396 -2439.679688 512.031250
-6779.590820 -1454.490845 128.031250
-8458.747070 640.691589 128.031250
-6094.615723 1830.883423 384.031250
-5331.434082 766.237915 448.031250
-2467.829590 -1874.101685 -127.968750
586.939758 -1982.391235 -127.968750
1430.560913 870.968262 128.031250
-627.711304 124.940201 128.031250
-927.839783 1161.615601 128.031250
806.774963 1092.005249 128.031250
2737.487549 -932.841858 128.031250
3489.441406 -1083.352539 128.031250
3834.339844 -834.698608 384.031250
3799.304199 323.568665 384.031250
5503.687012 2716.834229 384.031250
4127.770508 2410.153564 384.031250
3518.134766 2003.526367 128.031250
967.876648 1758.390259 128.031250
870.539124 3115.138428 128.031250
2838.114014 3133.010254 128.031250
3198.897949 1864.405640 128.031250
2691.852539 930.221558 128.031250
361.662018 -737.435547 128.031250
52.600693 114.579117 0.031250
2122.276611 -3220.961914 128.031250
-5045.334473 -779.519409 128.031250
-3454.367676 -28.796715 448.031250