-1687.84 -4870.63 117.47 -0.12 179.21 0.11
-4670.25 -5004.94 -169.54 0.16 0.16 0
-6873.1 -3707.93 -169.55 0.2 90.16 0
-3923.55 928.55 395.44 0.19 -89.83 0
-11349.6 6417.83 402.44 0.17 179.83 -0
-11756.12 6662.54 2834.45 0.17 90.16 0
-12212.97 13137.09 394.41 0.16 -90.01 0
-509.88 11430.16 2482.65 1.99 45 -7.92
339.52 9614.89 1526.79 5.96 -89.98 -0.36
1218.62 8790.05 -18.55 0.21 -179.83 0
150.44 6411.03 220.44 0.18 -179.83 0
3088.73 5399.02 220.44 0.2 -179.83 0
-2658.75 -810.47 24.45 0.15 -0.16 0