-1606.31 -1299.98 75.03 0
-1606.94 -1247.99 75.03 0
-1607.5 -1198.16 75.03 0
-1608.19 -1136.66 75.03 0
-1608.92 -1070.67 75.03 0
-1539.35 -1071.51 75.03 360
-1537.46 -1137.82 75.03 0
-1537.36 -1199.63 75.03 0
-1537.27 -1248.86 75.03 0
-1537.15 -1308.03 75.03 0
-1474.82 -1307.91 75.03 0
-1474.92 -1258.7 75.03 0
-1475.03 -1203.2 75.03 0
-1475.15 -1140.2 75.03 0
-1475.28 -1072.7 75.03 0
293.73 -2463.84 75.03 270
168.26 -2463.23 75.03 270
72.44 -2463.77 75.03 270
-12.87 -2464.11 75.03 270
-66.24 -2520.24 75.03 0
-64.12 -2605.79 75.03 0
-62.05 -2676.08 75.03 0
-59.96 -2746.37 75.03 0
-57.62 -2825.66 75.03 0
-56.08 -2886.19 75.03 0