3775.53 -1590.31 656.46 0.05 -134.99 -0.03
5010.81 -433.75 216.47 0.07 -90.17 -0.01
4231.97 970.55 128.48 0.02 90 0
4877.45 2868.64 96.48 0.05 -89.98 0.01
9985.86 -2581.09 240.49 0.01 0.01 0
5853.78 -4088.53 216.47 0.22 -89.99 0.07
3765.44 -3921.95 88.45 0.16 90.16 0
3670.67 -4244.59 216.46 0.01 0 -0.05
3429.61 -3000.1 -215.55 0.11 179.79 -0.04
2155.23 -2798.33 -647.57 -0.16 -92.32 -0.02
3267.84 216.62 -647.55 0 -90.88 -0.1
3493.2 -973.03 -471.55 0.19 0.16 0
-221.63 -3397.2 -175.53 0.13 0.16 0
6046.26 -1742.14 88.44 0.19 179.83 -0
6158.7 -2303.72 88.46 -0.18 -179.99 -0.18
7704.92 -3434.74 88.38 -0.11 0 -0.01
-623.35 150.43 368.47 0.05 90 -0.01
1412.93 179.75 -174.71 3.02 135.23 0.08
1819.14 -812.49 -471.55 0.18 0.16 0
3107.07 407.52 -927.55 0.19 0.16 0
992.9 918.86 -879.53 0.12 0.16 0
63.97 570.95 -367.54 0.15 179.83 -0
1742.35 3053.05 160.45 0.13 179.82 -0.02
726.14 -1716.93 128.45 0.15 135.15 0
359.73 -912.77 208.47 -0.06 0.34 0.08
-1278.35 -2047.4 352.43 0.22 -135.28 0
3139.92 2378.96 96.46 -0.26 90 -0.21