-1728.4 -87.22 -143.55 0.16 90.17 0.02
-2363.73 418.92 -179.54 0.15 90.16 0
-1110.36 -2581.27 -179.64 0.03 179.98 -0.02
-998.84 -1245.27 340.46 0.03 45 -0.04
-2100.86 -5496.24 -182.62 -0.1 -0 -0.01
-1818.74 -6879.12 -51.55 -0.04 134.99 0
-3048.79 -7001.67 -149.64 -0.06 -0.01 0.07
-261.5 -7112.29 -43.6 -0.04 179.98 0.05
-608.54 -5568.5 -52.28 -0.06 179.99 0
-605.34 -2649.24 -134.58 -0.07 0 0
1051.64 -1737.76 -179.53 0.12 -179.83 0
2287.51 -1871.17 -179.55 0.18 90.16 0
2250.22 -1997.77 -55.61 -0.09 -90 -0.01
2019.31 1374.41 -179.54 0.16 0.16 0
2882.03 1276.28 -179.54 0.17 -89.83 0
2258.51 2568.37 -47.58 -0.07 -179.99 0
2780.11 4801.42 16.4 -0.07 179.99 -0.01
2864.62 4890.33 -119.6 -0.09 179.99 -0.01
560.42 3569.64 -179.55 0.19 0.16 0
-1272.89 4042.41 -179.54 0.16 -44.84 0
-463.43 1952.09 -179.53 0.11 -89.83 0
5192.24 3250.98 -179.54 0.17 0.16 0
2577.65 692.25 -439.56 0.2 -179.82 0.01
52.58 -1980.39 -411.53 0.09 -179.82 0
-463.49 40.13 -303.55 0.19 -89.83 0
-596.83 1354.29 -431.56 0.23 0.17 0
-965.03 1569.88 -591.56 0.2 90.17 0.01
-1887.09 -2242.73 -863.55 0.21 -89.83 0