696.04 5494 -151.59 -0.25 179.74 -0.02
2090.51 652.38 288.44 0.19 0.16 0
1129.54 286.44 32.45 0.14 90.16 0
584.75 -3306.16 -207.54 0.17 0.16 0
-183.42 -7754.16 16.47 0.1 90.16 0
-2560.49 -7105.92 48.46 0.14 0.16 0
-4301.54 -62.05 160.45 0.16 0.16 0
-1802.55 203.8 16.44 0.21 0.16 0
-3006.74 1697.64 -111.51 0.04 -89.99 -0.01
-3917.7 -321.04 -195.41 5.59 -90.03 -0.1
-6828.39 2376.09 16.46 0.13 -89.83 0
-11980.96 2388.98 16.43 0.22 -89.83 0
-9981.67 733.25 20.45 0.15 -179.83 0
-10676.35 -1109.06 144.44 0.19 -179.83 0
-8450.12 63.58 -167.55 0.18 45.16 0