-12970.72 -10937.2 -311.52 0.07 90 -0.01
-13319.57 -13139.2 -447.51 0.53 -89.99 0.26
-9469.66 -12970.4 -175.53 -0.16 0 -0.15
-6712.59 -13408.29 -447.51 0.59 90 0.3
-4188.34 -13189.25 -311.51 0.04 0.01 0
-945.75 -14837.1 -447.51 0.61 90 0.31
5024.91 -14014.25 -455.52 0.03 90 -0.03
3082.65 -7902.8 -455.53 0.02 90 -0.05
-2330.86 -7844.6 96.47 0.05 -89.99 -0.01
-4566.96 -7780.89 -39.52 0.05 -89.99 -0.02
-6567.77 -7099.16 -447.52 0.11 0 0.01
-4712.62 3552.45 48.37 -0.05 0 0.05
-3131.74 502.3 64.46 0.13 179.83 0
2768.44 -1028.2 96.46 -0.12 -89.99 -0.13
10598.81 12028.89 112.47 0.07 0.16 0
13257.63 11194.08 80.44 0.2 0.16 0
-10678.86 12788.73 216.47 0 -90.99 -0.08
-12768.97 14531.42 48.54 -0.19 -90.03 0.31