15260.43 4692.35 39.03 135
15278.95 4789.68 39.03 180
15282.08 4880.89 39.03 180
15282.29 4965.82 39.03 180
15282.12 5062.58 39.03 180
15281.77 5152.5 39.03 180
15281.46 5224.5 39.03 180
15281.28 5275.31 34.99 180
15266.87 5395.5 35 180
15265.26 5505.25 35 180
15270.29 5592.96 39.03 180
15278.12 5705.99 39.03 180
15272.81 5809.32 39.03 180
-15276.42 -10536.45 -471.26 360
-15274.79 -10460.36 -471.47 360
-15271.57 -10382.7 -472.9 360
-15268.66 -10325.13 -475.56 360
-15239.53 -10632.7 -475.48 45
-15147.93 -10663.83 -477 90
-15080.83 -10662.42 -475.33 90
-15291.04 -10064.47 -476.07 0
-15291.04 -9982.36 -476.3 360
-15285.2 -9882.31 -476.68 360
-15279.2 -9801.43 -477 360